womanhat.bmp	img1.bmp	40	22	52	60	48	41	33	50	25	38	57	47	44	47	46	40	46	40	44
churchandcapitol.bmp	img2.bmp	64	39	59	73	54	65	56	81	35	36	56	73	67	61	70	46	59	60	61
lighthouse.bmp	img3.bmp	79	60	76	85	79	81	74	79	92	69	70	71	89	71	69	63	73	72	90
churchandcapitol.bmp	img4.bmp	16	5	29	9	14	23	18	35	13	15	11	27	17	32	9	21	23	19	1
carnivaldolls.bmp	img5.bmp	89	70	78	89	85	70	94	79	75	74	72	77	75	79	84	61	88	84	88
sailing4.bmp	img6.bmp	92	73	84	99	67	81	68	79	98	73	66	74	90	75	84	71	84	77	87
stream.bmp	img7.bmp	76	80	78	87	76	59	64	81	87	47	59	80	60	67	83	80	76	72	91
ocean.bmp	img8.bmp	88	57	84	85	65	57	77	80	56	62	66	68	59	58	84	50	75	67	83
rapids.bmp	img9.bmp	39	9	42	37	40	39	26	51	29	34	37	58	38	37	44	23	42	44	32
woman.bmp	img10.bmp	84	69	73	87	82	87	81	76	83	66	71	81	90	82	82	61	69	61	90
statue.bmp	img11.bmp	32	24	37	46	41	32	30	52	56	31	30	52	34	43	23	39	39	31	45
caps.bmp	img12.bmp	85	65	71	93	74	87	68	91	72	75	44	81	69	75	83	76	78	77	90
statue.bmp	img13.bmp	78	63	74	87	81	85	79	79	82	69	68	77	68	78	94	79	85	80	92
carnivaldolls.bmp	img14.bmp	84	74	83	93	83	89	82	80	78	75	80	70	73	74	88	67	82	82	89
sailing4.bmp	img15.bmp	68	20	42	48	54	49	26	73	40	32	39	58	50	64	91	52	54	62	51
stream.bmp	img16.bmp	43	26	42	33	40	42	28	35	39	32	36	26	56	60	36	30	58	40	27
plane.bmp	img17.bmp	84	80	78	89	66	68	81	82	93	83	74	78	55	83	82	81	80	89	91
monarch.bmp	img18.bmp	37	21	56	59	41	43	19	52	43	21	37	62	37	47	53	24	36	29	58
sailing3.bmp	img19.bmp	88	82	76	85	83	68	81	81	60	70	58	82	68	88	86	62	83	80	84
paintedhouse.bmp	img20.bmp	82	80	79	93	78	86	85	80	93	69	65	79	87	83	89	81	86	84	96
churchandcapitol.bmp	img21.bmp	38	28	55	80	41	60	47	59	41	35	42	55	70	59	53	39	47	41	41
churchandcapitol.bmp	img22.bmp	78	87	76	84	85	95	79	95	93	80	64	91	83	90	84	78	72	82	92
paintedhouse.bmp	img23.bmp	7	3	32	72	16	36	24	31	10	21	11	33	24	35	19	33	24	28	17
caps.bmp	img24.bmp	79	44	73	88	64	83	77	63	94	66	39	76	79	85	71	59	71	64	80
plane.bmp	img25.bmp	49	51	46	88	61	59	67	57	43	45	52	63	51	62	67	46	57	61	58
womanhat.bmp	img26.bmp	85	83	82	87	83	100	86	81	82	70	81	78	84	85	88	61	71	81	92
flowersonih35.bmp	img27.bmp	45	42	46	38	51	53	40	57	27	30	47	65	59	65	66	41	60	58	46
ocean.bmp	img28.bmp	89	64	82	88	62	92	84	83	81	70	69	78	82	76	82	62	87	86	89
bikes.bmp	img29.bmp	26	18	41	19	22	41	33	38	20	28	25	42	29	57	24	33	37	30	35
ocean.bmp	img30.bmp	87	62	83	87	61	69	85	84	74	55	72	75	71	87	85	66	83	83	83
rapids.bmp	img31.bmp	93	80	78	94	77	85	83	80	84	78	59	81	86	80	83	63	84	80	91
parrots.bmp	img32.bmp	50	55	56	70	60	57	35	65	47	57	61	65	50	69	65	33	61	42	69
manfishing.bmp	img33.bmp	46	36	42	38	62	55	34	52	38	41	30	52	48	58	43	36	44	47	58
studentsculpture.bmp	img34.bmp	93	67	73	93	78	70	81	76	82	76	67	67	84	86	82	69	82	78	90
rapids.bmp	img35.bmp	31	7	30	33	22	41	19	32	18	19	55	37	16	34	37	27	29	22	13
building2.bmp	img36.bmp	23	12	36	7	31	18	24	36	22	15	12	39	33	42	25	32	27	29	10
sailing4.bmp	img37.bmp	32	10	39	44	35	36	25	51	18	28	28	60	26	40	22	29	42	25	24
sailing3.bmp	img38.bmp	71	69	62	74	61	73	66	79	54	50	58	68	73	72	77	48	66	70	80
dancers.bmp	img39.bmp	46	21	40	19	54	42	24	51	20	38	40	38	39	45	39	39	39	38	24
plane.bmp	img40.bmp	90	79	77	86	83	69	89	75	75	77	36	77	79	75	84	62	70	69	80
dancers.bmp	img41.bmp	34	19	25	18	41	37	33	31	15	33	39	24	16	40	51	22	24	45	22
bikes.bmp	img42.bmp	79	61	71	87	78	83	81	82	79	72	73	82	80	86	84	81	77	78	91
buildings.bmp	img43.bmp	46	38	50	96	40	40	41	60	51	41	54	64	48	60	58	53	59	38	50
lighthouse.bmp	img44.bmp	43	27	50	60	50	43	47	50	39	37	53	70	54	60	67	40	45	50	50
studentsculpture.bmp	img45.bmp	62	53	56	44	55	60	51	73	40	49	40	73	49	60	64	41	70	55	51
cemetry.bmp	img46.bmp	22	15	29	19	21	34	20	42	19	17	12	48	22	37	15	28	21	36	1
sailing4.bmp	img47.bmp	37	19	52	52	43	34	40	55	23	31	34	60	47	51	59	27	56	44	63
monarch.bmp	img48.bmp	96	88	84	86	75	65	73	83	73	62	55	78	76	85	88	61	68	62	88
coinsinfountain.bmp	img49.bmp	51	46	67	72	60	63	49	60	80	49	47	62	60	65	73	47	62	50	48
house.bmp	img50.bmp	32	23	48	38	40	39	27	51	19	32	33	46	29	63	37	30	47	38	33
house.bmp	img51.bmp	51	43	57	59	62	63	61	81	41	62	28	63	69	63	58	51	57	64	61
sailing2.bmp	img52.bmp	80	70	72	92	77	88	62	75	49	69	58	66	72	83	86	61	79	80	88
studentsculpture.bmp	img53.bmp	78	76	78	87	77	63	76	78	75	54	25	79	82	67	84	57	76	68	91
house.bmp	img54.bmp	83	68	83	82	78	92	75	79	81	65	89	74	84	87	81	77	75	71	87
cemetry.bmp	img55.bmp	52	51	63	67	48	53	51	59	43	48	48	67	62	68	66	47	63	60	56
paintedhouse.bmp	img56.bmp	57	53	74	78	58	58	53	79	59	50	62	65	46	57	66	50	61	60	61
lighthouse.bmp	img57.bmp	91	59	76	90	83	80	88	79	88	71	68	78	49	81	84	70	82	78	90
woman.bmp	img58.bmp	81	61	65	95	73	74	63	77	73	60	59	77	48	83	90	54	72	75	80
studentsculpture.bmp	img59.bmp	64	41	66	58	50	62	32	64	44	42	52	65	61	59	58	41	59	43	56
building2.bmp	img60.bmp	43	40	47	25	43	36	40	51	34	41	34	45	50	59	65	52	46	36	51
dancers.bmp	img61.bmp	79	44	69	94	63	69	51	79	62	60	68	78	68	78	87	53	67	78	76
building2.bmp	img62.bmp	37	28	38	10	17	40	31	59	19	20	5	31	38	41	23	36	29	34	18
caps.bmp	img63.bmp	50	40	59	92	60	58	51	59	43	51	46	51	53	70	45	39	65	60	71
lighthouse2.bmp	img64.bmp	95	75	83	83	79	89	85	80	91	80	73	80	86	81	83	61	71	69	90
woman.bmp	img65.bmp	34	19	39	34	32	57	26	47	26	35	32	51	41	45	38	32	45	40	52
buildings.bmp	img66.bmp	90	78	76	92	81	78	82	78	84	80	63	74	73	74	83	77	76	81	91
sailing2.bmp	img67.bmp	65	42	48	80	61	61	51	61	54	64	36	66	74	75	78	61	62	63	67
dancers.bmp	img68.bmp	67	71	77	78	66	81	64	80	80	77	59	74	71	68	82	63	84	80	87
lighthouse2.bmp	img69.bmp	35	33	57	37	30	37	38	57	19	32	42	43	44	61	59	32	56	42	40
statue.bmp	img70.bmp	85	53	79	85	83	83	80	80	97	84	66	82	66	89	81	74	82	77	90
sailing1.bmp	img71.bmp	68	45	62	84	59	51	77	78	41	65	32	69	39	66	68	53	62	79	74
parrots.bmp	img72.bmp	80	64	77	79	74	85	78	90	97	61	80	79	67	62	81	67	73	82	88
coinsinfountain.bmp	img73.bmp	59	39	42	49	58	51	43	63	62	41	22	60	56	66	70	49	57	47	47
flowersonih35.bmp	img74.bmp	87	73	73	83	57	77	59	83	58	71	63	70	67	84	81	63	68	68	87
house.bmp	img75.bmp	39	37	35	40	51	38	26	57	35	41	70	55	36	58	32	40	45	19	49
plane.bmp	img76.bmp	91	72	83	91	84	89	93	75	90	82	60	81	59	83	93	68	82	89	92
bikes.bmp	img77.bmp	18	15	42	35	43	40	43	54	25	43	37	45	52	57	58	39	54	22	37
cemetry.bmp	img78.bmp	19	15	40	18	17	21	30	21	19	12	18	36	27	37	20	36	31	19	8
flowersonih35.bmp	img79.bmp	6	1	21	5	1	4	4	15	2	13	3	6	4	21	5	5	18	9	1
carnivaldolls.bmp	img80.bmp	28	5	44	37	27	36	30	41	24	23	34	38	17	40	15	31	32	27	37
bikes.bmp	img81.bmp	43	34	50	34	58	39	39	52	26	46	54	61	48	62	56	39	59	42	64
cemetry.bmp	img82.bmp	83	76	81	88	84	50	70	81	81	50	64	80	93	85	92	61	73	89	89
sailing3.bmp	img83.bmp	58	55	58	71	60	60	47	78	57	49	47	44	70	62	69	42	69	63	67
buildings.bmp	img84.bmp	44	21	50	42	55	46	52	60	27	36	44	64	49	51	50	40	42	42	44
stream.bmp	img85.bmp	31	4	26	24	25	22	16	33	24	24	36	20	32	39	19	32	39	19	23
lighthouse.bmp	img86.bmp	32	29	43	49	51	40	43	51	29	41	42	56	46	56	58	30	48	47	51
statue.bmp	img87.bmp	84	74	85	92	73	66	81	79	68	77	67	77	62	62	82	63	76	70	92
sailing1.bmp	img88.bmp	72	68	76	84	81	81	79	78	80	74	36	61	67	80	82	47	74	78	92
womanhat.bmp	img89.bmp	54	34	46	54	59	61	64	68	76	50	58	63	55	65	74	42	56	51	58
buildings.bmp	img90.bmp	37	41	47	75	52	41	44	61	27	42	37	60	50	44	57	42	57	40	60
paintedhouse.bmp	img91.bmp	15	1	29	26	8	40	24	31	5	20	29	42	23	35	18	14	35	16	23
manfishing.bmp	img92.bmp	25	20	47	43	48	39	30	51	18	47	32	38	68	42	38	35	40	27	42
manfishing.bmp	img93.bmp	24	14	44	15	41	44	27	51	12	32	24	31	22	33	30	33	37	29	32
monarch.bmp	img94.bmp	63	68	70	79	62	58	79	80	78	45	72	67	67	68	70	62	70	61	89
lighthouse2.bmp	img95.bmp	92	77	75	95	86	81	79	69	66	80	48	83	71	85	85	69	79	67	89
monarch.bmp	img96.bmp	95	75	83	88	78	85	80	77	99	64	60	69	83	79	86	72	77	61	87
lighthouse2.bmp	img97.bmp	93	73	78	88	77	81	76	80	77	80	65	80	85	79	92	61	76	69	89
ocean.bmp	img98.bmp	75	62	73	94	60	67	83	79	45	59	51	67	53	61	84	47	74	61	63
sailing2.bmp	img99.bmp	43	26	47	59	40	46	45	59	31	40	39	46	41	60	31	40	48	39	49
stream.bmp	img100.bmp	6	9	17	27	3	19	13	30	3	13	8	12	4	22	15	12	17	4	5
coinsinfountain.bmp	img101.bmp	93	68	84	85	82	68	61	77	66	64	52	81	75	78	82	76	65	70	91
sailing1.bmp	img102.bmp	59	55	63	78	55	61	59	78	44	74	28	71	67	73	84	60	60	66	69
parrots.bmp	img103.bmp	56	58	49	59	61	45	43	57	57	56	52	68	63	63	67	51	58	51	51
carnivaldolls.bmp	img104.bmp	30	18	41	27	30	27	26	42	24	35	25	39	23	47	29	40	33	36	21
caps.bmp	img105.bmp	55	37	61	49	42	62	54	67	60	42	35	63	62	61	41	40	61	61	66
sailing1.bmp	img106.bmp	80	65	66	86	76	52	82	78	72	72	26	80	83	78	83	62	64	80	90
womanhat.bmp	img107.bmp	59	61	65	61	60	64	66	69	42	56	61	64	66	76	85	50	61	61	72
sailing3.bmp	img108.bmp	31	27	39	23	42	40	46	51	25	39	55	64	53	56	38	32	30	26	48
parrots.bmp	img109.bmp	85	71	73	92	81	86	81	91	80	74	88	73	70	80	87	71	89	91	90
rapids.bmp	img110.bmp	58	41	55	90	42	42	40	60	29	46	61	63	62	68	66	42	47	45	52
sailing2.bmp	img111.bmp	45	34	57	60	54	56	44	59	44	46	35	56	49	62	57	30	45	22	55
coinsinfountain.bmp	img112.bmp	76	43	78	86	83	89	66	78	82	73	85	77	92	84	88	62	83	75	92
building2.bmp	img113.bmp	79	70	84	86	66	87	83	79	80	68	65	78	67	81	91	80	81	71	87
manfishing.bmp	img114.bmp	77	79	60	86	64	70	75	82	78	77	70	81	85	77	77	60	62	70	84
flowersonih35.bmp	img115.bmp	77	76	68	82	77	61	59	79	92	72	61	79	70	82	79	62	84	78	87
woman.bmp	img116.bmp	93	69	75	78	80	57	77	77	78	49	71	65	76	79	84	53	71	68	91
cemetry.bmp	img117.bmp	56	69	70	64	78	93	73	52	54	51	45	68	77						
churchandcapitol.bmp	img118.bmp	86	88	80	90	90	89	90	88	72	86	82	74	89						
dancers.bmp	img119.bmp	51	65	53	48	31	51	61	48	29	44	31	57	57						
house.bmp	img120.bmp	66	81	84	70	63	83	68	77	78	56	73	77	73						
sailing1.bmp	img121.bmp	45	56	36	31	57	51	52	44	28	47	51	40	45						
sailing1.bmp	img122.bmp	97	81	92	82	90	84	79	82	87	58	78	77	75						
cemetry.bmp	img123.bmp	89	83	84	81	92	96	80	80	76	83	80	72	84						
sailing2.bmp	img124.bmp	31	33	39	4	13	11	35	3	4	3	16	7	16						
flowersonih35.bmp	img125.bmp	85	88	59	79	76	99	79	50	67	75	79	70	83						
caps.bmp	img126.bmp	33	31	35	7	8	18	20	18	3	4	14	11	15						
studentsculpture.bmp	img127.bmp	27	13	19	2	5	12	19	11	4	3	12	10	14						
cemetry.bmp	img128.bmp	47	60	48	49	17	66	60	39	43	31	34	34	40						
coinsinfountain.bmp	img129.bmp	34	37	38	11	19	11	29	23	4	4	39	7	32						
statue.bmp	img130.bmp	80	77	84	69	86	92	89	84	79	86	80	74	70						
lighthouse.bmp	img131.bmp	29	22	22	11	8	30	24	7	3	5	6	20	15						
churchandcapitol.bmp	img132.bmp	66	88	76	80	77	88	79	84	56	74	80	71	80						
lighthouse2.bmp	img133.bmp	95	68	89	85	88	89	81	85	82	78	95	81	81						
flowersonih35.bmp	img134.bmp	40	30	49	8	5	42	45	29	11	2	31	36	30						
manfishing.bmp	img135.bmp	84	90	68	62	66	89	68	82	53	67	65	75	70						
caps.bmp	img136.bmp	94	84	96	92	96	92	76	92	63	72	80	69	74						
stream.bmp	img137.bmp	61	83	79	82	77	92	75	63	76	56	82	64	76						
womanhat.bmp	img138.bmp	25	21	38	2	5	33	28	7	2	1	8	10	7						
rapids.bmp	img139.bmp	87	72	95	79	92	93	83	83	87	85	84	70	86						
house.bmp	img140.bmp	94	85	94	84	72	80	75	82	78	57	94	81	86						
lighthouse2.bmp	img141.bmp	60	83	94	87	64	86	68	65	55	76	64	74	70						
parrots.bmp	img142.bmp	89	88	100	81	96	95	84	82	80	59	91	74	79						
ocean.bmp	img143.bmp	67	90	85	83	83	84	80	66	61	78	92	75	82						
sailing2.bmp	img144.bmp	85	81	83	79	80	78	81	72	81	58	85	70	79						
sailing3.bmp	img145.bmp	12	31	4	5	9	7	12	5	2	4	5	11	11						
rapids.bmp	img146.bmp	52	80	81	47	69	70	62	53	49	67	58	57	78						
house.bmp	img147.bmp	20	23	23	3	2	7	2	3	2	3	2	3	8						
manfishing.bmp	img148.bmp	27	2	19	3	3	10	5	7	3	2	3	2	9						
parrots.bmp	img149.bmp	49	44	58	36	23	50	41	38	30	16	34	30	31						
woman.bmp	img150.bmp	61	59	58	59	68	66	61	67	37	64	47	46	63						
house.bmp	img151.bmp	77	81	91	89	86	84	79	78	80	72	81	69	83						
paintedhouse.bmp	img152.bmp	47	39	51	52	16	50	47	39	21	52	47	36	35						
carnivaldolls.bmp	img153.bmp	87	78	92	85	92	93	81	82	82	65	94	73	83						
womanhat.bmp	img154.bmp	30	23	23	4	7	18	15	7	3	2	7	11	10						
dancers.bmp	img155.bmp	86	82	63	60	85	76	78	80	38	84	55	76	78						
ocean.bmp	img156.bmp	46	43	54	5	16	51	43	40	22	11	43	36	28						
buildings.bmp	img157.bmp	71	72	82	86	62	90	68	49	71	70	74	72	83						
studentsculpture.bmp	img158.bmp	91	62	75	81	86	85	75	79	81	62	61	69	79						
caps.bmp	img159.bmp	32	37	24	6	9	19	21	20	1	4	23	15	20						
house.bmp	img160.bmp	26	21	28	2	3	19	27	8	2	2	7	2	10						
lighthouse.bmp	img161.bmp	26	24	36	11	9	24	21	16	2	3	9	10	15						
buildings.bmp	img162.bmp	31	44	38	28	6	37	33	16	2	4	6	11	12						
buildings.bmp	img163.bmp	51	78	72	63	60	77	70	44	42	66	64	57	49						
ocean.bmp	img164.bmp	2	1	1	1	1	2	11	2	2	1	1	1	3						
plane.bmp	img165.bmp	51	42	51	23	40	50	56	51	40	37	32	36	40						
sailing4.bmp	img166.bmp	11	6	31	3	2	13	21	1	3	3	2	5	8						
woman.bmp	img167.bmp	32	23	37	13	11	30	35	19	11	17	23	16	18						
womanhat.bmp	img168.bmp	66	76	94	78	87	88	70	83	95	85	72	70	84						
ocean.bmp	img169.bmp	93	90	88	84	91	90	82	73	61	63	81	75	82						
monarch.bmp	img170.bmp	36	31	35	11	24	37	40	22	11	2	44	14	29						
building2.bmp	img171.bmp	60	78	74	72	63	74	70	73	71	54	67	65	75						
paintedhouse.bmp	img172.bmp	95	99	90	79	90	94	85	92	84	67	90	76	88						
sailing4.bmp	img173.bmp	91	82	74	82	84	69	80	77	80	64	89	74	84						
manfishing.bmp	img174.bmp	52	82	59	51	58	78	64	70	36	49	51	78	59						
sailing1.bmp	img175.bmp	38	34	23	23	9	49	49	24	3	2	31	22	30						
carnivaldolls.bmp	img176.bmp	28	21	38	4	9	32	29	9	2	2	11	8	27						
sailing2.bmp	img177.bmp	34	16	30	2	7	22	14	5	2	4	23	7	14						
monarch.bmp	img178.bmp	52	74	95	63	70	90	72	60	60	46	63	53	74						
bikes.bmp	img179.bmp	94	72	88	64	84	89	80	81	72	53	88	75	80						
studentsculpture.bmp	img180.bmp	31	20	27	4	9	12	10	10	2	3	23	10	10						
lighthouse2.bmp	img181.bmp	33	42	44	14	11	35	41	30	3	11	23	30	26						
coinsinfountain.bmp	img182.bmp	94	81	97	85	92	84	81	79	97	73	80	70	83						
bikes.bmp	img183.bmp	36	21	37	6	16	22	28	6	2	3	23	10	17						
coinsinfountain.bmp	img184.bmp	23	19	33	4	2	6	18	12	3	1	12	5	12						
stream.bmp	img185.bmp	69	81	51	41	62	51	71	58	68	50	57	60	58						
dancers.bmp	img186.bmp	12	24	29	1	8	10	24	17	3	2	5	14	13						
dancers.bmp	img187.bmp	5	23	39	3	8	20	15	20	3	2	7	5	13						
bikes.bmp	img188.bmp	35	36	36	11	18	30	30	11	3	5	19	15	17						
woman.bmp	img189.bmp	71	80	84	62	90	81	73	74	81	84	90	62	77						
womanhat.bmp	img190.bmp	92	63	92	79	96	95	82	86	79	91	82	73	83						
plane.bmp	img191.bmp	94	92	89	81	88	90	81	91	81	49	79	72	81						
building2.bmp	img192.bmp	24	28	20	8	14	17	35	15	2	2	5	11	18						
manfishing.bmp	img193.bmp	92	84	75	69	92	85	71	72	48	63	65	70	77						
ocean.bmp	img194.bmp	49	90	62	49	63	67	58	39	49	48	56	62	48						
churchandcapitol.bmp	img195.bmp	23	51	36	7	4	21	19	2	4	4	6	7	11						
parrots.bmp	img196.bmp	34	24	8	5	5	30	31	13	2	2	9	6	29						
sailing4.bmp	img197.bmp	10	19	12	4	2	11	21	11	4	3	7	6	12						
flowersonih35.bmp	img198.bmp	70	66	50	82	60	91	70	60	23	62	39	58	79						
rapids.bmp	img199.bmp	31	29	3	8	8	25	22	9	3	2	11	7	14						
studentsculpture.bmp	img200.bmp	38	35	40	26	16	42	23	39	36	50	37	34	35						
plane.bmp	img201.bmp	28	44	25	18	3	24	22	8	3	4	20	7	17						
lighthouse.bmp	img202.bmp	89	72	84	85	93	91	83	82	84	83	79	77	78						
bikes.bmp	img203.bmp	60	76	62	62	56	82	63	49	44	47	51	66	75						
buildings.bmp	img204.bmp	32	26	38	14	9	49	27	11	3	10	12	3	14						
building2.bmp	img205.bmp	31	33	36	2	8	29	22	15	3	4	4	18	15						
sailing3.bmp	img206.bmp	72	84	69	78	89	89	70	64	80	75	84	69	74						
caps.bmp	img207.bmp	36	44	51	19	37	50	33	33	9	17	38	18	30						
statue.bmp	img208.bmp	90	75	97	81	95	87	80	83	80	73	86	80	75						
monarch.bmp	img209.bmp	32	17	52	2	16	21	40	27	10	5	29	9	30						
sailing1.bmp	img210.bmp	7	22	3	4	6	10	26	9	2	3	11	2	11						
monarch.bmp	img211.bmp	95	86	99	76	86	98	80	84	96	56	94	80	82						
stream.bmp	img212.bmp	82	83	67	73	82	90	85	73	48	84	83	79	82						
cemetry.bmp	img213.bmp	26	42	40	9	15	50	29	5	3	7	17	13	13						
sailing4.bmp	img214.bmp	70	66	78	82	42	70	77	64	57	55	71	72	71						
paintedhouse.bmp	img215.bmp	29	20	27	3	8	10	0	2	2	2	8	18	9						
carnivaldolls.bmp	img216.bmp	67	68	72	55	79	90	79	64	78	56	63	66	74						
stream.bmp	img217.bmp	11	16	6	2	1	6	15	2	4	2	2	2	7						
statue.bmp	img218.bmp	31	25	39	10	6	30	25	4	3	2	8	4	6						
sailing2.bmp	img219.bmp	91	81	84	73	83	89	74	81	81	78	85	75	79						
woman.bmp	img220.bmp	28	22	30	9	7	17	22	2	2	2	19	2	8						
statue.bmp	img221.bmp	25	22	32	3	14	25	32	3	2	3	10	5	16						
sailing3.bmp	img222.bmp	96	83	68	81	89	87	76	69	44	78	91	71	78						
sailing3.bmp	img223.bmp	12	31	10	2	7	11	29	2	3	2	2	3	11						
building2.bmp	img224.bmp	71	81	80	93	82	91	76	80	76	75	90	77	79						
building2.bmp	img225.bmp	52	44	54	57	40	81	61	46	27	59	57	42	57						
bikes.bmp	img226.bmp	66	82	71	71	70	91	70	68	67	43	64	63	77						
buildings.bmp	img227.bmp	93	73	84	91	90	92	79	78	80	80	81	79	84						
paintedhouse.bmp	img228.bmp	70	65	86	72	66	89	68	70	76	87	75	78	76						
flowersonih35.bmp	img229.bmp	37	37	39	22	18	51	29	31	22	11	27	17	35						
coinsinfountain.bmp	img230.bmp	25	21	31	5	3	15	28	4	3	73	9	12	19						
lighthouse.bmp	img231.bmp	53	85	87	79	73	91	69	83	67	86	71	57	79						
lighthouse2.bmp	img232.bmp	27	37	36	6	11	25	36	2	2	2	16	7	14						
parrots.bmp	img233.bmp	35	23	46	9	13	23	33	17	13	2	16	10	25						
